Aaliyah:1.1244824E9
Noah:6.1992755E9
Jazmine:3.2357256E9
Juan:8.3730703E9
Aiden:4.1209994E9
Sofia:1.1554031E9
Omar:1.215994E9
Gianna:1.2133309E10
Xavier:1.0978248E10
Leilani:6.111061E9
Amir:1.3224769E10
Yara:3.7288643E9
Malik:1.0808582E9
Nia:1.3145449E10
Andres:5.1212307E8
Saniyah:7.2594156E9
Elijah:7.053771E7
Maya:4.4034627E9
Mateo:7.6587126E9
Amara:3.9600586E9
Adrian:1.0346308E10
Asha:9.9724744E7
Jayden:6.578679E9
Kira:6479693.0
Diego:1.3712508E9
Ava:4.7441295E9
Alejandro:1.3064823E10
Anaya:1.0772347E10
G